Абдуллина З. Х.
    Артерия №1
        Координаты:
            (248, 114),
            (268, 124),
            (272, 142),
            (284, 155),
            (286, 188),
            (305, 212),
            (317, 231),
            (321, 261),
            (323, 282),
            (324, 305),
            (322, 325),
            (318, 342),
            (303, 362),
            (296, 380),
            (282, 415),
            (246, 429),
            (222, 440),
            (190, 447),
            (183, 469),

    Артерия №2
        Координаты:
            (259, 132),
            (237, 114),
            (203, 105),
            (179, 116),
            (161, 134),
            (156, 153),
            (145, 146),
            (134, 171),
            (118, 192),
            (101, 207),
            (67, 234),
            (74, 257),
            (84, 270),
            (91, 286),
            (104, 304),
            (105, 317),
            (97, 333),
            (82, 352),
            (87, 384),
            (92, 407),
            (82, 429),
            (79, 441),
            (79, 452),
            (78, 466),
            (87, 473),
            (91, 502),
            (93, 511),
            (101, 509),
            (128, 505),
            (129, 538),
            (143, 564),
            (173, 544),
            (201, 549),

    Артерия №3
        Координаты:
            (194, 137),
            (235, 107),
            (258, 101),
            (291, 107),
            (315, 102),
            (331, 124),
            (342, 140),
            (350, 161),
            (358, 191),
            (371, 199),
            (384, 222),
            (402, 233),
            (419, 245),
            (433, 272),
            (450, 301),
            (469, 315),
            (475, 323),
            (479, 356),
            (479, 374),
            (480, 384),
            (505, 395),
            (522, 397),
            (527, 397),
            (533, 425),
            (555, 443),
            (563, 462),
            (557, 477),
            (563, 509),
            (566, 534),
            (536, 562),
            (515, 562),
            (479, 550),
            (465, 552),
            (464, 505),
            (446, 516),

Абдулханова
    Артерия №1
        Координаты:
            (143, 96),
            (197, 105),
            (273, 156),
            (328, 186),
            (344, 206),
            (332, 204),
            (363, 215),
            (367, 252),
            (348, 278),
            (336, 296),
            (361, 334),
            (390, 358),
            (417, 375),
            (424, 414),
            (414, 440),
            (415, 464),
            (431, 490),
            (468, 497),
            (486, 502),
            (486, 530),
            (513, 538),
            (526, 523),
            (534, 547),
            (550, 541),
            (552, 516),

    Артерия №2
        Координаты:
            (332, 217),
            (293, 219),
            (243, 214),
            (218, 242),
            (176, 281),
            (156, 320),
            (126, 386),
            (99, 425),
            (83, 463),
            (119, 505),
            (184, 547),
            (247, 563),
            (359, 583),
            (442, 581),
            (486, 560),
            (491, 509),
            (506, 479),
            (565, 482),
            (592, 516),
            (619, 551),

    Артерия №3
        Координаты:
            (96, 135),
            (212, 147),
            (218, 179),
            (290, 206),
            (362, 244),
            (394, 259),
            (406, 315),
            (428, 361),
            (442, 377),
            (428, 415),
            (430, 443),
            (445, 502),
            (449, 522),
            (455, 541),
            (458, 564),
            (484, 539),
            (490, 597),
            (491, 636),

